146, 517
133, 537
146, 537
185, 537
198, 537
211, 537
224, 537
263, 537
276, 537
133, 557
146, 557
185, 557
198, 557
211, 557
224, 557
263, 557
276, 557
133, 577
146, 577
185, 577
198, 577
211, 577
224, 577
263, 577
276, 577
133, 597
146, 597
185, 597
198, 597
211, 597
224, 597
263, 597
276, 597
133, 617
146, 617
185, 617
198, 617
211, 617
224, 617
263, 617
276, 617
133, 637
146, 637
185, 637
198, 637
211, 637
224, 637
263, 637
276, 637
133, 657
146, 657
185, 657
198, 657
211, 657
224, 657
263, 657
276, 657
133, 677
146, 677
185, 677
198, 677
211, 677
224, 677
263, 677
276, 677
133, 697
146, 697
185, 697
198, 697
211, 697
224, 697
263, 697
276, 697
133, 717
146, 717
185, 717
198, 717
211, 717
224, 717
263, 717
276, 717
133, 737
146, 737
185, 737
198, 737
211, 737
224, 737
263, 737
276, 737
133, 757
146, 757
185, 757
198, 757
211, 757
224, 757
263, 757
276, 757
133, 777
146, 777
185, 777
198, 777
211, 777
224, 777
263, 777
276, 777
133, 797
146, 797
185, 797
198, 797
211, 797
224, 797
263, 797
276, 797
133, 817
146, 817
185, 817
198, 817
211, 817
224, 817
263, 817
276, 817
133, 837
146, 837
185, 837
198, 837
211, 837
224, 837
263, 837
276, 837
133, 857
146, 857
263, 857
276, 857
133, 971
146, 971
185, 971
198, 971
211, 971
224, 971
263, 971
276, 971
133, 991
146, 991
185, 991
198, 991
211, 991
224, 991
263, 991
276, 991
133, 1011
146, 1011
185, 1011
198, 1011
211, 1011
224, 1011
263, 1011
276, 1011
133, 1031
146, 1031
185, 1031
198, 1031
211, 1031
224, 1031
263, 1031
276, 1031
133, 1051
146, 1051
185, 1051
198, 1051
211, 1051
224, 1051
263, 1051
276, 1051
133, 1071
146, 1071
185, 1071
198, 1071
211, 1071
224, 1071
263, 1071
276, 1071
133, 1091
146, 1091
185, 1091
198, 1091
211, 1091
224, 1091
263, 1091
276, 1091
133, 1111
146, 1111
185, 1111
198, 1111
211, 1111
224, 1111
263, 1111
276, 1111
133, 1131
146, 1131
185, 1131
198, 1131
211, 1131
224, 1131
263, 1131
276, 1131
135, 1151
148, 1151
261, 1151
274, 1151
137, 1171
150, 1171
191, 1171
204, 1171
217, 1171
259, 1171
272, 1171
139, 1191
152, 1191
191, 1191
204, 1191
217, 1191
133, 286
134, 286
176, 286
202, 286
203, 286
261, 286
262, 286
202, 319
253, 319
254, 319
202, 320
253, 320
254, 320
176, 351
203, 351
176, 352
202, 352
203, 352
262, 352
133, 353
134, 353
176, 353
261, 353
262, 353
202, 384
202, 385
253, 386
254, 386
253, 387
254, 387
176, 416
203, 416
176, 417
203, 417
133, 420
134, 420
261, 420
262, 420
185, 286
244, 286
134, 319
135, 319
184, 319
211, 319
262, 319
263, 319
134, 320
135, 320
184, 320
211, 320
262, 320
263, 320
185, 351
185, 352
244, 352
185, 353
244, 353
184, 384
211, 384
184, 385
185, 385
211, 385
134, 386
135, 386
262, 386
263, 386
134, 387
135, 387
262, 387
263, 387
185, 416
185, 417
244, 420
-------------------
Prise electrique 
140, 334
190, 334
217, 334
268, 334
269, 334
191, 367
218, 367
250, 368
190, 399
140, 401
191, 431
218, 431
149, 435
250, 435
277, 435
